generated_at: '2026-02-07T08:58:19.908480+00:00'
version: 1.0.0
system_metrics:
  cpu:
    usage_percent: 0.0
    count: 4
    count_physical: 2
  memory:
    total_mb: 15994.89453125
    available_mb: 14374.8515625
    used_mb: 1620.04296875
    usage_percent: 10.1
  disk:
    total_gb: 71.60674285888672
    used_gb: 50.3865852355957
    free_gb: 21.204532623291016
    usage_percent: 70.4
  platform:
    system: Linux
    release: 6.11.0-1018-azure
    version: '#18~24.04.1-Ubuntu SMP Sat Jun 28 04:46:03 UTC 2025'
    machine: x86_64
    processor: x86_64
    python_version: 3.12.3 (main, Jan  8 2026, 11:30:50) [GCC 13.3.0]
    python_implementation: CPython
dependencies:
  contourpy: 1.3.3
  coverage: 7.13.3
  cycler: 0.12.1
  fonttools: 4.61.1
  iniconfig: 2.3.0
  kiwisolver: 1.4.9
  matplotlib: 3.10.8
  numpy: 2.4.2
  pillow: 12.1.0
  pluggy: 1.6.0
  psutil: 7.2.2
  pytest: 9.0.2
  pytest-cov: 7.0.0
  ruff: 0.15.0
  shellingham: 1.5.4
  typer: 0.21.1
  argcomplete: 3.6.3
  pipx: 1.8.0
  platformdirs: 4.5.1
  userpath: 1.9.2
  Automat: 22.10.0
  Babel: 2.10.3
  Jinja2: 3.1.2
  MarkupSafe: 2.1.5
  PyGObject: 3.48.2
  PyJWT: 2.7.0
  PyYAML: 6.0.1
  WALinuxAgent: 2.11.1.4
  attrs: 23.2.0
  bcc: 0.29.1
  bcrypt: 3.2.2
  blinker: 1.7.0
  boto3: 1.34.46
  botocore: 1.34.46
  certifi: 2023.11.17
  chardet: 5.2.0
  click: 8.1.6
  cloud-init: 25.1.4
  colorama: 0.4.6
  command-not-found: '0.3'
  configobj: 5.0.8
  constantly: 23.10.4
  cryptography: 41.0.7
  dbus-python: 1.3.2
  distro: 1.9.0
  distro-info: 1.7+build1
  httplib2: 0.20.4
  hyperlink: 21.0.0
  idna: '3.6'
  incremental: 22.10.0
  jmespath: 1.0.1
  jsonpatch: '1.32'
  jsonpointer: '2.0'
  jsonschema: 4.10.3
  launchpadlib: 1.11.0
  lazr.restfulclient: 0.14.6
  lazr.uri: 1.0.6
  markdown-it-py: 3.0.0
  mdurl: 0.1.2
  mercurial: 6.7.2
  netaddr: 0.8.0
  netifaces: 0.11.0
  oauthlib: 3.2.2
  packaging: '24.0'
  pexpect: 4.9.0
  pip: '24.0'
  ptyprocess: 0.7.0
  pyOpenSSL: 23.2.0
  pyasn1: 0.4.8
  pyasn1-modules: 0.2.8
  pygments: 2.17.2
  pyhamcrest: 2.1.0
  pyparsing: 3.1.1
  pyparted: 3.12.0
  pyrsistent: 0.20.0
  pyserial: '3.5'
  python-apt: 2.7.7+ubuntu5
  python-dateutil: 2.8.2
  python-debian: 0.1.49+ubuntu2
  python-magic: 0.4.27
  pytz: '2024.1'
  requests: 2.31.0
  rich: 13.7.1
  s3transfer: 0.10.1
  service-identity: 24.1.0
  setuptools: 68.1.2
  six: 1.16.0
  sos: 4.8.2
  ssh-import-id: '5.11'
  systemd-python: '235'
  twisted: 24.3.0
  typing-extensions: 4.10.0
  ubuntu-pro-client: '8001'
  ufw: 0.36.2
  urllib3: 2.0.7
  wadllib: 1.3.6
  wheel: 0.42.0
  zope.interface: '6.1'
  zstandard: 0.22.0
config_summary:
  sections:
  - general
  - ai
  - security
  - api
  - health
  log_level: INFO
  ai_provider: openai
  security_enabled: true
